1000
3 31 48
63 5 13
7 56 41
41 58 27
0 2 42
38 92 85
44 27 57
72 21 28
39 62 100
98 29 77
73 35 23
53 77 48
5 19 45
46 100 80
51 65 58
42 63 85
8 58 1
50 36 93
40 79 88
16 79 40
79 48 76
59 83 100
86 75 33
75 55 81
73 79 96
68 13 87
0 20 25
73 4 82
100 84 72
52 27 3
80 53 38
79 48 79
34 68 35
58 27 76
72 15 93
46 83 61
38 8 35
22 15 99
92 38 94
95 82 27
39 62 18
100 66 13
99 26 64
81 69 83
16 5 23
87 22 56
86 25 64
43 41 16
81 53 85
16 43 68
82 2 69
14 78 60
17 79 13
29 25 59
54 31 99
47 92 81
29 21 13
6 23 99
51 37 95
37 26 33
23 74 80
16 12 2
14 59 83
83 21 71
37 3 58
42 35 78
69 82 83
5 95 26
72 73 82
28 11 21
98 83 39
44 35 57
100 84 31
28 95 81
54 69 77
67 56 15
4 64 60
73 94 45
55 98 32
23 70 19
12 72 83
47 8 15
23 7 57
26 54 1
58 12 24
10 87 38
38 4 1
58 91 89
93 94 28
98 42 24
34 5 87
6 36 66
99 92 73
0 68 90
86 89 75
2 100 54
63 43 23
31 20 6
76 87 22
79 37 2
97 83 99
30 57 67
98 4 46
54 93 10
53 66 72
61 56 2
0 65 91
55 83 24
88 56 9
60 38 13
16 81 80
18 66 28
61 9 64
51 72 5
28 12 87
31 37 19
9 72 95
48 16 37
37 43 86
54 12 86
2 1 3
64 15 25
66 96 69
0 53 42
99 99 99
52 56 84
11 30 40
65 89 98
61 55 7
53 90 67
85 13 84
97 48 53
72 40 83
79 20 6
63 74 95
57 75 18
20 18 1
96 44 13
29 21 89
39 81 80
30 74 67
48 77 79
29 71 99
25 43 87
65 83 43
85 12 5
13 21 19
99 3 95
13 64 55
30 64 33
24 57 38
54 98 4
82 19 81
51 39 32
33 61 4
54 28 31
6 74 32
52 68 7
51 36 99
46 59 25
97 96 54
28 14 70
25 2 9
28 95 98
78 53 78
34 78 21
64 25 83
79 70 92
61 11 30
6 37 12
66 98 21
53 3 4
96 97 9
1 23 57
18 13 17
17 24 45
74 9 58
11 73 54
49 34 10
80 22 42
20 24 95
96 10 58
77 31 9
22 88 73
95 62 96
95 61 13
89 37 94
16 74 2
12 88 91
95 53 33
14 36 81
71 75 75
70 42 40
22 84 76
20 14 88
7 38 80
72 53 57
11 99 88
67 94 53
19 32 69
13 99 9
70 59 36
84 75 56
3 98 22
1 87 21
84 71 12
23 3 100
36 41 40
9 70 2
55 68 37
40 9 35
21 84 62
23 100 5
97 10 91
7 21 17
59 75 48
90 67 82
84 90 42
24 64 84
76 9 32
97 10 17
73 81 87
29 75 87
19 38 41
11 97 8
49 86 5
100 37 76
75 69 6
99 60 89
75 46 17
53 86 23
62 18 5
70 91 100
25 12 74
91 22 82
82 86 16
63 18 95
35 16 42
34 59 57
87 28 17
50 69 97
50 66 61
10 19 4
17 89 70
62 24 38
79 94 60
27 63 72
32 38 20
1 28 70
93 5 46
44 52 32
55 94 27
57 48 78
4 57 29
45 61 96
91 24 30
47 52 75
61 95 87
83 12 56
36 93 63
55 94 1
76 70 22
41 48 10
84 58 8
97 81 53
31 90 6
13 62 100
93 37 34
67 48 15
20 46 63
19 95 1
56 92 59
55 65 61
30 5 25
19 57 99
51 61 95
14 65 87
59 31 96
89 41 20
22 61 99
39 5 38
51 82 15
62 87 92
100 31 47
97 70 4
49 97 30
63 39 40
61 63 52
20 56 46
54 47 14
65 88 97
88 58 41
79 46 84
68 31 60
45 24 7
41 98 74
100 74 54
47 27 8
95 20 58
28 74 83
93 91 57
41 85 26
82 55 91
36 86 34
82 93 96
42 67 14
42 73 40
77 46 98
68 23 92
47 66 68
58 58 81
13 15 75
34 29 37
96 33 27
100 63 3
75 68 11
91 2 11
25 85 66
31 80 31
53 46 81
42 33 100
48 55 54
83 15 78
35 8 16
75 9 23
93 73 87
77 28 9
67 58 20
0 20 21
61 12 61
13 63 44
60 29 94
67 14 93
93 8 68
13 42 34
54 36 40
31 3 8
18 18 95
1 54 73
14 10 10
17 8 18
78 13 34
65 77 89
95 24 55
33 6 28
29 36 86
54 13 86
75 93 5
77 97 48
15 29 66
22 2 57
41 88 72
84 58 56
57 14 13
93 21 57
8 20 80
67 43 16
76 5 76
45 19 56
53 85 73
35 22 38
56 82 23
76 10 62
5 97 10
83 41 63
24 1 68
16 81 32
10 34 81
61 89 91
95 23 15
32 47 87
67 88 33
27 81 7
50 96 59
57 87 8
27 61 19
50 22 62
55 99 81
18 28 91
78 12 41
53 100 79
92 7 98
45 94 28
8 90 85
98 100 65
55 55 17
40 32 40
36 32 85
0 55 55
32 96 39
55 12 25
14 63 94
33 56 65
64 96 55
100 1 1
42 67 86
34 54 33
52 72 19
57 92 78
78 56 13
71 52 15
39 39 55
90 93 62
57 76 70
22 28 37
20 28 98
59 30 95
3 22 39
41 97 68
25 43 2
38 36 53
37 33 18
65 39 45
29 42 62
31 32 20
70 72 24
40 76 92
58 90 100
7 55 85
100 28 10
40 67 34
87 78 17
61 29 41
34 78 66
8 67 44
58 16 65
85 70 9
88 17 98
94 29 61
67 60 99
22 97 31
66 96 69
45 24 72
17 53 33
91 10 23
39 42 75
47 2 34
13 66 1
8 34 45
44 65 58
50 82 26
52 60 75
35 99 22
72 36 27
66 25 14
91 10 57
97 44 64
79 26 26
26 92 27
32 98 7
99 95 91
35 68 35
85 55 91
75 56 53
42 62 90
1 52 5
13 46 10
27 65 77
99 62 71
58 20 22
39 68 89
53 5 47
49 73 97
99 58 92
78 84 95
27 23 13
28 2 36
36 98 27
11 69 57
51 52 94
2 32 95
57 85 91
35 45 55
19 59 93
99 41 62
98 23 27
32 10 75
38 3 52
75 96 31
16 97 9
89 42 1
25 69 7
96 46 9
10 28 72
95 92 84
34 44 71
23 7 39
40 5 31
90 77 46
62 48 83
64 85 30
34 92 69
87 63 13
65 91 93
23 66 83
32 43 54
35 73 75
85 74 65
33 44 96
21 52 78
55 4 97
8 61 41
49 47 74
5 92 68
13 55 55
38 96 19
79 6 20
37 24 17
17 63 22
72 96 80
15 73 20
70 25 2
48 38 28
61 53 3
10 22 55
100 61 33
55 82 21
28 44 77
10 72 100
92 31 9
56 56 52
3 38 18
88 98 52
5 47 9
25 23 43
14 84 31
37 87 64
34 72 75
46 71 15
31 43 35
59 96 91
57 76 73
43 58 83
99 77 4
75 37 68
18 57 73
78 92 39
84 1 80
30 61 23
23 7 3
3 19 75
100 89 96
93 6 84
12 71 89
19 32 19
18 56 55
29 16 45
37 87 8
31 11 66
35 87 31
94 24 53
33 55 85
97 44 60
59 75 32
68 85 59
81 45 30
16 53 10
43 86 20
3 53 40
84 30 23
61 85 22
84 63 23
93 62 88
89 48 41
75 97 39
38 20 36
59 98 12
8 31 78
9 3 8
7 34 65
48 19 14
56 44 57
60 81 24
94 62 11
89 48 39
65 69 32
30 5 55
87 20 40
16 86 48
27 39 58
69 11 77
56 48 75
83 27 46
17 36 76
81 64 71
21 6 39
71 86 34
1 55 20
98 28 93
2 36 39
7 52 70
61 11 97
4 87 25
70 88 73
6 27 73
56 65 95
7 84 22
90 69 64
48 100 27
88 17 100
89 74 71
85 9 98
84 40 70
73 41 26
91 54 60
68 55 29
65 48 46
8 87 8
84 74 99
69 62 92
53 76 77
21 66 14
72 9 77
95 11 94
43 19 26
25 61 69
80 60 28
82 79 96
25 68 86
7 25 48
52 79 95
61 18 70
34 66 96
47 66 45
72 83 63
99 70 27
3 8 88
67 54 42
10 55 4
20 46 23
42 33 8
2 67 55
15 48 19
52 27 39
80 94 17
84 24 17
76 47 70
86 15 32
81 40 43
43 82 18
63 4 15
28 96 15
65 77 76
28 58 46
31 10 68
20 2 14
32 77 66
84 79 64
99 13 4
45 58 69
81 16 88
47 85 3
88 55 34
2 64 93
51 16 84
60 34 72
80 15 95
65 34 26
87 66 72
88 7 40
56 83 72
44 52 32
75 63 74
100 26 16
97 88 98
45 54 78
56 91 37
73 60 73
91 59 33
52 96 17
69 96 28
43 24 79
66 30 100
57 28 81
82 47 46
48 39 20
79 100 64
19 77 72
3 82 67
31 9 89
54 53 91
52 10 20
51 32 31
8 59 6
26 20 90
22 95 30
61 65 100
20 11 46
66 19 66
26 63 84
0 92 67
35 55 45
6 12 13
26 4 85
7 55 65
23 8 13
42 12 84
99 8 47
23 68 11
89 11 13
44 88 41
49 60 88
98 22 42
97 58 73
17 46 54
85 68 41
14 58 26
6 68 91
23 34 79
23 5 33
74 73 98
11 10 80
18 75 8
37 92 57
77 65 16
4 78 15
57 61 15
59 22 76
71 8 8
73 67 79
59 46 2
31 86 25
34 64 3
34 98 65
85 85 71
91 74 34
93 62 100
45 70 62
67 7 97
37 73 10
23 58 58
99 35 58
74 76 22
13 98 74
19 23 85
31 57 62
75 18 15
69 77 100
57 10 21
92 4 28
96 23 25
0 39 48
84 26 67
6 90 7
37 29 63
12 7 78
85 73 70
43 30 26
76 41 73
100 91 18
43 72 63
24 24 77
44 68 69
34 74 94
81 88 84
23 17 75
15 81 62
65 18 82
36 69 53
71 87 7
35 9 73
88 64 68
83 25 47
49 42 78
47 32 85
63 53 74
17 75 28
23 79 47
100 6 94
77 18 99
16 66 96
62 44 84
27 97 67
17 73 94
95 11 94
83 77 98
96 100 18
98 87 25
60 98 27
47 27 41
84 63 8
2 9 3
91 88 3
93 79 38
78 71 68
41 54 55
36 54 38
72 98 89
14 89 2
74 98 45
51 22 21
35 64 17
28 88 81
94 13 95
69 74 98
4 25 17
48 64 69
98 55 70
46 13 25
41 67 73
30 41 28
84 53 47
90 70 34
40 87 59
5 5 86
26 7 46
6 10 20
20 73 83
37 54 52
41 31 52
54 73 68
41 35 64
21 26 87
1 12 64
45 3 87
60 87 90
97 69 86
79 6 30
26 26 94
11 92 53
50 20 90
96 23 79
6 56 93
4 1 83
5 85 97
56 87 92
61 6 25
31 30 58
81 38 43
55 36 81
54 6 54
12 55 55
66 89 30
87 5 14
4 64 27
76 78 55
67 83 21
75 71 84
2 98 62
4 99 34
0 99 43
7 68 97
39 68 98
34 15 71
23 36 86
82 24 95
7 72 10
70 44 46
81 3 94
82 89 7
31 9 97
78 28 94
15 28 37
85 93 63
13 47 81
82 28 71
100 68 14
36 60 91
81 30 41
70 67 75
32 27 27
27 23 72
75 83 75
82 65 54
84 38 75
68 88 23
38 86 11
56 35 42
85 16 71
26 57 61
11 45 47
67 95 83
38 27 52
40 29 19
48 52 2
56 43 8
24 26 19
5 98 52
90 48 65
86 33 83
95 21 59
22 20 89
74 92 31
4 17 11
15 14 85
32 74 85
22 21 46
51 66 33
17 17 24
39 5 87
78 3 72
1 81 66
37 56 98
49 79 11
67 45 63
10 37 85
28 13 37
60 52 78
52 90 42
93 68 55
0 32 79
2 77 57
55 47 53
22 54 16
75 33 74
33 18 17
53 48 96
13 68 39
97 16 13
20 60 5
39 43 22
13 45 52
20 62 88
34 10 100
27 86 68
98 38 32
79 74 13
55 94 47
76 86 17
37 59 59
49 11 58
66 43 12
83 53 23
49 43 41
19 80 12
84 79 77
80 74 70
38 91 22
26 91 40
29 35 24
28 16 5
68 82 88
87 63 16
37 2 41
94 11 37
20 94 40
21 63 84
33 29 79
24 89 95
7 13 96
71 81 41
13 94 70
10 22 75
93 92 92
38 15 17
81 38 96
1 73 59
77 21 90
40 58 61
57 53 73
85 7 21
59 82 94
0 89 69
34 26 6
56 57 34
10 33 56
36 42 44
22 34 52
57 59 38
86 14 22
9 76 39
69 25 52
60 2 68
97 40 45
75 91 13
57 98 14
92 80 87
15 81 30
62 86 17
20 71 63
72 68 30
34 92 25
72 45 65
12 9 17
76 7 28
23 1 19
74 24 4
95 95 17
2 76 15
17 37 79
25 24 95
69 26 21
15 12 1
15 72 4
91 2 12
0 44 99
79 13 6
41 26 27
19 54 59
22 64 65
28 75 45
19 41 36
100 97 2
68 23 60
3 89 85
90 22 23
57 26 71
75 28 25
6 54 76
10 55 27
