1000
67 83 21
67 77 35
25 69 7
60 34 72
91 86 32
28 43 83
21 99 3
46 54 18
48 100 27
44 27 57
100 23 20
64 15 25
95 11 94
76 82 99
50 96 59
73 44 1
98 28 93
5 74 9
64 82 82
16 53 10
100 18 7
25 54 15
49 73 97
44 60 67
2 48 25
51 66 33
100 61 33
44 7 12
23 58 58
25 63 58
17 89 70
32 74 85
60 2 68
79 67 41
42 93 80
38 36 53
91 63 85
13 45 52
29 71 99
40 47 81
13 17 1
97 61 94
55 36 81
23 76 96
22 89 58
61 9 64
78 28 15
5 47 9
48 86 21
53 52 65
100 55 38
80 46 30
38 27 52
9 72 95
71 28 4
59 75 32
48 48 69
93 85 66
75 9 23
81 69 83
79 69 11
52 96 17
53 48 96
4 17 11
19 78 93
35 55 63
44 31 91
51 52 94
96 55 72
47 92 81
100 1 1
27 23 72
3 89 85
22 4 96
41 32 82
60 86 100
91 47 20
75 63 74
1 22 6
82 79 96
87 5 14
76 27 10
66 75 25
40 31 94
51 61 95
14 65 87
2 32 95
39 85 37
100 89 76
47 53 21
60 57 42
83 41 63
31 10 68
89 74 71
54 53 91
28 44 77
34 64 3
33 61 4
18 66 28
15 40 98
36 64 15
84 63 23
64 88 26
32 67 10
75 76 37
38 3 52
80 33 25
82 65 54
62 46 1
60 5 38
52 10 20
45 24 72
1 94 5
27 69 53
43 89 76
34 44 91
31 90 6
81 3 94
12 59 63
99 95 91
54 69 77
0 54 4
38 68 94
1 90 31
76 9 32
1 55 20
57 75 18
0 42 24
76 47 70
34 54 33
75 96 31
6 33 77
56 92 59
73 81 29
63 47 47
97 58 73
8 67 44
96 33 27
42 33 100
17 2 33
38 42 11
30 9 85
40 58 61
58 18 38
94 7 87
33 34 86
23 7 57
43 72 63
22 20 89
3 19 75
21 17 22
86 15 32
100 70 91
63 73 6
93 68 55
8 78 93
4 90 64
4 62 87
91 63 31
78 92 39
28 100 1
99 3 95
94 54 91
10 55 4
83 56 97
62 44 84
24 29 11
95 20 58
0 27 62
1 7 59
54 73 68
86 22 44
30 86 56
46 18 82
5 20 37
31 43 35
43 47 33
82 35 76
52 71 59
14 19 22
72 40 83
43 19 26
87 37 36
33 12 86
55 47 53
61 95 87
59 43 87
33 29 79
67 7 97
42 67 14
10 38 38
47 68 48
61 63 52
20 28 98
36 65 62
30 17 52
65 81 74
6 10 20
28 1 34
21 26 87
75 18 61
67 48 15
100 76 79
20 98 70
42 63 85
21 81 30
73 43 35
97 81 53
21 94 36
28 14 70
97 37 34
14 12 58
7 54 41
15 29 66
84 32 46
10 55 27
69 3 81
31 47 82
73 94 45
42 13 34
78 53 78
61 6 25
20 46 63
32 68 96
50 95 41
6 27 73
30 61 23
70 42 40
53 6 61
33 39 73
3 53 40
52 36 12
23 68 11
52 68 7
87 20 40
22 64 65
36 93 63
91 83 54
66 96 69
12 98 95
2 77 57
71 75 75
37 56 98
46 74 16
65 77 89
4 11 83
99 10 38
81 64 70
83 62 4
46 13 17
75 56 53
96 97 9
60 83 20
94 29 61
44 26 6
49 47 74
36 54 38
94 30 5
45 54 78
5 77 17
72 68 30
84 58 56
90 76 61
100 33 89
8 47 90
100 66 13
98 38 32
12 85 59
52 20 71
65 18 82
18 13 17
89 80 48
35 55 45
100 28 10
68 63 40
100 31 47
91 88 3
69 74 98
29 81 85
36 17 39
38 8 35
6 56 93
16 5 23
49 97 30
43 58 83
84 79 64
55 4 97
98 83 39
78 21 43
96 23 79
0 89 69
8 31 78
71 59 9
91 86 25
84 58 8
98 29 77
83 12 56
91 61 19
97 40 88
21 6 39
57 27 68
58 63 62
4 38 5
94 11 37
25 40 82
80 60 28
37 17 62
48 16 37
58 90 100
84 63 8
97 40 45
30 65 81
10 9 17
15 81 30
75 97 59
4 8 40
36 41 40
24 1 68
77 46 98
56 56 52
23 70 19
92 4 28
52 79 8
28 16 5
56 48 75
43 30 26
19 8 1
7 29 86
79 7 62
47 27 8
79 8 72
83 89 31
71 35 27
39 12 84
51 39 32
99 91 5
12 55 55
54 47 14
83 81 21
52 71 98
26 4 85
90 98 72
4 80 61
82 47 46
84 24 17
30 29 57
57 64 92
86 25 64
47 32 85
73 5 80
24 64 84
86 92 88
43 97 35
9 100 8
16 48 34
31 57 62
47 74 14
97 48 53
72 15 93
41 85 26
69 44 38
68 88 23
90 77 46
2 21 41
31 83 25
49 32 95
95 29 87
54 13 86
74 83 52
48 64 69
28 88 81
63 38 11
77 88 1
52 58 41
79 48 76
42 65 78
37 26 33
95 52 21
55 32 37
35 81 8
69 77 100
19 59 93
88 58 41
60 38 13
12 9 17
5 95 26
75 79 54
8 7 32
99 58 92
93 81 97
29 2 60
82 2 69
75 40 70
0 2 42
43 44 59
88 17 100
79 6 20
59 82 94
76 86 17
95 59 36
87 28 17
35 68 35
51 34 61
14 60 30
16 96 54
93 26 48
90 24 63
93 21 57
7 62 58
5 100 52
49 18 95
20 56 46
55 84 13
69 96 28
0 15 62
100 89 96
9 77 77
19 53 6
65 77 76
20 73 91
34 21 80
18 18 95
68 45 5
74 24 4
34 26 6
14 59 83
82 97 70
19 95 1
7 55 85
33 56 65
100 63 3
59 22 76
37 24 17
100 60 84
67 68 52
96 31 25
92 67 54
30 57 67
100 87 47
54 12 86
0 99 43
53 92 12
48 39 20
56 30 6
74 76 22
34 10 100
50 78 61
82 56 91
6 12 13
16 74 2
35 87 31
8 92 17
25 18 17
31 80 31
45 19 56
34 5 87
45 58 69
20 2 14
56 22 38
92 55 47
25 65 34
5 36 8
23 74 80
54 18 72
54 72 3
15 19 12
98 41 60
44 95 98
79 46 84
23 8 13
30 94 18
98 57 37
59 83 100
80 53 38
11 99 88
90 67 82
88 17 98
49 43 41
60 68 69
72 96 80
13 9 38
57 76 73
44 52 32
74 9 58
53 80 34
12 25 45
1 69 27
29 21 13
100 98 41
4 1 83
80 32 67
2 76 15
63 74 95
97 7 12
63 18 95
87 37 94
95 82 27
91 2 82
41 5 75
13 47 81
67 56 15
51 57 31
55 71 46
58 27 76
17 55 29
94 30 1
3 38 18
32 38 20
1 81 66
82 24 95
41 62 75
85 70 9
52 23 15
37 3 58
85 9 98
6 54 76
85 68 41
17 31 57
36 42 44
17 36 76
89 37 94
42 12 84
68 13 87
61 11 30
24 24 77
95 95 17
0 32 79
14 36 81
73 94 6
82 45 77
87 63 16
72 53 57
24 98 37
53 97 9
57 38 52
98 55 70
71 81 41
51 26 61
47 66 68
11 45 87
56 80 4
90 69 64
13 21 19
83 77 98
71 8 8
41 26 27
19 80 12
28 58 46
13 55 55
70 100 38
73 9 85
26 20 90
7 52 33
74 73 98
26 26 94
51 16 83
41 88 72
5 19 45
85 84 21
99 62 71
25 76 48
100 27 67
41 97 68
38 15 17
83 53 23
15 28 37
35 64 17
24 57 9
69 62 92
11 73 54
96 28 17
53 86 23
41 97 37
33 69 55
100 39 9
44 71 96
20 60 5
23 65 87
6 97 77
89 21 73
39 68 98
16 35 59
78 71 68
16 12 2
74 86 67
22 42 25
29 36 86
29 11 42
92 40 17
7 79 5
19 15 33
38 73 58
90 48 65
84 71 12
47 27 41
60 29 94
54 70 59
7 38 80
49 2 81
68 47 78
33 60 68
76 10 62
70 67 75
48 59 23
100 35 40
64 16 62
81 38 96
30 15 68
7 95 21
70 91 100
25 17 18
75 55 81
23 1 19
3 31 48
59 31 96
52 22 97
29 16 45
44 19 7
95 92 84
2 72 59
0 33 60
35 97 48
62 17 11
5 98 52
10 36 76
25 93 2
52 91 16
25 61 69
100 54 94
6 53 79
67 45 84
22 28 37
74 27 60
11 10 80
12 33 57
97 10 91
41 31 52
23 21 97
52 68 11
58 12 24
63 4 15
38 6 39
70 35 40
87 57 12
82 32 14
93 73 87
30 64 33
96 80 66
41 58 27
46 83 61
40 29 7
3 82 67
84 75 56
20 46 23
58 20 22
9 3 8
61 89 91
4 42 74
73 6 68
2 36 39
87 70 20
80 22 42
28 2 36
47 52 75
59 78 24
36 98 27
2 57 53
45 24 7
29 42 62
47 8 15
84 38 75
21 61 42
8 59 6
82 42 37
69 11 77
95 61 13
91 59 33
19 77 96
46 13 25
80 65 25
50 27 13
56 35 42
82 19 81
45 38 11
40 76 92
28 75 45
33 20 79
0 68 90
12 71 89
22 15 99
88 76 98
65 46 89
89 41 20
21 80 63
40 87 59
75 12 4
59 8 29
45 39 23
46 13 67
21 63 84
55 3 20
31 11 66
87 22 56
74 35 91
48 19 14
73 29 39
37 29 63
35 35 60
66 15 25
48 38 28
36 22 35
57 66 7
49 42 78
38 18 74
15 70 53
100 91 95
35 73 75
11 69 57
77 75 10
65 77 35
74 35 78
92 10 71
67 60 99
100 89 79
48 55 54
77 31 9
60 87 90
86 33 83
13 63 44
45 3 87
5 92 68
39 62 18
55 98 32
52 29 5
66 30 100
51 72 5
15 74 4
57 14 13
19 32 69
19 23 85
31 9 97
92 31 9
69 25 52
26 63 84
66 17 16
19 67 40
76 85 40
18 69 54
99 77 4
32 43 54
92 82 14
28 74 83
56 87 92
70 44 46
8 13 21
68 55 29
12 65 66
14 33 90
84 90 42
33 18 17
3 8 88
97 76 47
17 42 4
38 4 1
76 23 47
27 63 72
30 5 55
6 23 99
56 65 95
6 68 91
4 99 34
54 28 31
37 21 1
24 81 77
88 40 84
58 86 97
61 56 2
54 8 62
70 57 74
0 44 99
75 2 67
79 87 63
57 28 81
84 30 23
28 13 37
62 48 83
77 76 20
43 48 99
47 1 94
84 79 77
74 32 16
32 96 39
35 22 38
55 94 47
46 100 56
15 12 1
79 94 60
11 30 40
65 70 12
58 85 42
17 78 67
99 99 99
13 99 9
2 59 23
98 85 64
59 96 91
53 28 74
43 41 16
68 6 13
64 96 55
15 72 4
66 43 12
84 90 1
72 17 12
49 34 10
10 34 82
91 77 63
29 37 5
15 27 85
23 5 33
61 87 41
34 67 6
12 88 91
10 33 21
50 58 100
20 73 83
30 5 25
88 93 40
64 81 11
82 89 7
66 96 69
0 92 67
5 42 25
0 55 55
49 11 58
72 84 72
67 43 20
62 17 79
79 31 94
79 4 33
58 99 46
28 37 95
84 74 99
82 47 30
35 45 55
10 22 55
4 87 25
38 10 22
34 98 65
88 64 68
8 58 1
100 6 31
27 65 77
100 64 45
47 88 38
72 45 65
47 25 9
77 23 24
57 85 91
38 13 28
8 61 3
31 46 91
23 100 5
1 95 53
91 2 12
80 25 64
64 76 28
51 61 55
77 91 2
0 39 48
32 47 87
25 85 66
34 15 71
88 7 40
78 12 41
81 14 29
67 95 83
47 66 45
8 90 85
67 23 25
80 80 99
85 55 91
95 44 79
91 5 25
99 8 47
30 64 56
44 5 97
17 43 82
72 21 28
89 8 11
10 5 43
81 8 37
55 94 27
32 46 61
45 58 33
31 86 25
6 54 76
24 66 29
84 53 47
18 56 55
82 55 91
34 59 57
56 61 7
10 28 72
66 20 11
23 79 47
39 94 64
44 88 41
68 76 65
70 70 72
4 47 5
44 35 57
72 82 11
80 5 56
16 58 27
9 10 84
4 86 31
10 37 85
32 15 55
4 78 15
7 34 65
3 83 27
89 48 41
45 4 63
100 26 16
0 71 40
22 21 46
95 85 81
85 33 65
31 3 8
26 92 27
4 92 13
92 7 98
64 20 30
18 28 91
20 46 39
50 36 93
43 9 84
19 38 41
78 100 69
49 60 88
1 87 71
80 66 44
71 52 15
70 59 36
34 85 73
2 94 46
29 72 80
16 39 79
7 21 17
95 85 18
68 23 92
0 10 42
25 23 43
45 94 28
62 67 78
69 39 59
30 44 90
99 35 58
90 70 34
13 28 46
32 77 66
89 48 39
13 15 75
70 87 37
11 97 8
58 20 9
52 72 19
94 73 33
20 71 63
76 45 72
77 18 99
70 35 42
92 80 87
42 62 90
55 58 79
85 93 63
81 45 30
76 58 19
5 85 97
7 84 93
61 58 61
63 53 74
74 32 14
77 83 58
79 70 92
98 100 65
17 46 54
97 69 86
75 69 6
44 62 13
80 78 67
43 99 74
41 67 73
32 60 75
86 7 52
97 16 13
87 47 83
76 78 55
34 92 25
