1000
0 55 55
82 47 30
77 89 75
13 64 55
25 40 82
48 100 7
13 47 81
17 78 67
61 29 41
91 77 63
44 71 96
78 31 43
75 79 54
2 32 95
40 29 19
41 87 80
85 85 34
5 42 25
97 16 13
95 92 84
19 23 85
26 91 40
98 83 39
10 86 69
19 38 41
0 33 60
20 94 40
18 57 73
17 52 13
64 15 25
39 5 87
85 9 98
91 2 82
82 28 71
88 98 52
38 18 100
14 46 40
84 71 12
62 87 92
81 69 83
6 27 73
65 46 89
8 100 13
0 39 48
34 29 37
28 2 36
33 44 96
100 91 95
43 99 74
6 33 77
10 33 21
58 90 100
21 26 87
17 81 100
63 5 13
19 57 99
23 8 13
99 60 89
59 46 2
16 53 10
93 24 72
76 41 73
16 79 40
72 96 80
21 89 97
70 100 38
77 91 2
25 47 39
76 82 99
94 30 67
51 65 58
38 10 22
79 6 30
61 89 91
38 27 52
74 86 76
64 88 26
100 35 40
20 2 14
76 86 17
33 6 28
95 33 26
24 60 67
84 30 23
86 54 55
8 20 80
42 13 34
75 93 5
48 69 67
6 90 7
53 3 4
71 8 8
99 8 69
98 39 27
91 9 77
73 67 79
32 77 66
87 70 20
53 48 15
80 60 28
79 4 33
53 89 74
27 6 1
45 54 78
8 2 87
42 7 15
54 53 91
10 22 75
85 93 63
25 23 43
3 22 39
44 5 97
3 66 73
52 71 59
7 79 5
52 68 11
13 42 34
88 55 34
34 54 33
58 20 9
90 70 34
49 22 17
46 38 10
79 20 6
79 94 60
74 32 16
70 29 55
100 91 18
57 26 71
46 60 87
23 76 96
79 91 11
13 69 20
8 88 1
25 85 66
25 43 87
87 57 12
43 72 63
0 92 67
49 47 74
84 58 56
55 99 81
6 36 66
66 25 14
68 45 5
82 93 96
46 59 25
67 43 16
39 62 18
58 63 62
80 32 67
46 60 37
0 34 29
22 2 57
17 43 82
85 96 27
22 95 30
31 47 82
88 76 98
98 41 60
76 10 62
33 36 11
67 23 25
50 20 90
69 91 72
87 12 14
78 22 46
0 30 70
61 11 61
99 95 91
4 87 25
0 32 79
62 57 13
68 6 13
77 75 10
20 71 63
71 81 41
46 13 17
37 54 52
56 22 38
17 32 44
28 89 30
51 7 31
23 7 3
75 37 68
77 21 90
86 67 92
74 9 58
16 86 48
32 98 7
15 73 20
100 98 41
65 89 98
9 10 84
53 86 23
14 84 31
23 35 44
30 25 5
66 92 12
23 79 47
91 59 33
31 11 66
8 44 91
91 24 30
98 80 87
85 55 91
2 57 53
40 87 59
79 48 76
69 62 92
68 23 60
27 69 53
42 73 40
94 53 82
22 42 25
21 63 84
28 100 1
61 56 2
99 35 58
78 3 72
8 7 32
9 72 95
5 77 3
1 87 21
44 35 57
50 45 96
47 74 14
72 98 89
77 83 58
84 1 80
57 28 81
41 20 71
64 25 83
24 24 77
83 53 23
1 95 53
47 8 15
84 5 4
31 20 6
72 73 82
10 5 43
57 27 68
60 87 90
39 81 80
0 10 42
60 83 20
28 16 5
7 84 22
8 61 41
20 56 46
58 12 24
91 48 60
77 31 9
43 82 18
33 17 14
39 85 37
7 68 97
85 16 71
65 42 19
69 26 21
43 97 35
61 18 70
6 68 91
53 28 74
55 37 9
28 14 70
4 78 15
6 53 79
53 76 77
91 41 56
63 43 23
91 10 23
25 69 7
73 44 1
22 89 58
53 77 48
92 7 98
47 66 68
13 55 55
93 94 28
16 66 92
48 77 79
29 71 99
31 37 19
6 45 79
89 42 1
17 24 45
41 97 37
42 12 84
83 81 21
78 12 26
16 81 80
97 44 60
94 62 11
75 46 17
36 67 58
34 68 35
56 43 8
50 66 61
34 85 73
98 29 77
44 4 23
68 63 40
18 18 95
27 56 28
5 74 9
12 8 16
100 66 7
44 33 42
25 63 58
14 36 81
100 89 96
59 75 32
100 45 18
76 84 67
55 48 15
72 9 77
15 81 62
79 7 62
7 13 96
30 57 67
53 66 72
34 16 89
11 73 54
42 4 54
79 48 79
37 87 8
12 24 3
62 17 79
21 81 30
79 69 11
28 1 34
37 65 24
100 70 91
45 12 15
6 74 32
38 86 11
77 28 9
20 73 83
97 37 34
53 46 81
72 84 72
52 10 20
19 90 69
63 53 74
38 2 57
2 20 12
6 54 76
33 34 86
97 44 64
24 81 77
24 66 29
13 62 100
58 86 97
5 66 37
66 26 38
99 41 62
17 8 18
84 63 8
76 27 10
3 53 40
21 1 14
92 100 81
19 32 19
16 93 89
13 63 44
45 58 33
51 57 31
2 94 46
34 74 94
93 6 84
43 41 16
35 99 22
32 68 96
60 34 72
45 70 62
81 3 94
86 92 88
6 12 13
51 16 84
72 21 28
0 65 91
8 58 1
21 60 67
49 43 41
78 56 13
18 13 17
57 41 42
53 6 61
7 62 58
100 1 1
12 55 55
34 66 96
91 2 12
55 3 20
99 10 38
34 10 100
35 68 35
34 9 32
86 89 75
75 53 41
15 12 1
21 66 14
94 41 86
69 77 100
28 74 83
98 13 29
50 69 97
61 85 22
1 55 20
59 30 79
0 99 43
99 70 27
92 80 87
81 79 13
90 47 68
70 67 75
2 1 3
95 59 36
38 36 53
87 47 83
32 10 75
4 62 87
87 40 57
20 11 46
13 45 52
96 28 17
36 60 91
65 77 76
80 78 67
74 76 22
55 12 25
49 79 11
100 68 14
70 88 73
16 66 96
10 72 100
98 87 25
44 65 58
24 26 19
8 61 3
22 97 31
34 67 6
70 87 37
54 69 77
17 63 22
6 90 18
70 25 2
84 53 47
46 83 61
54 28 35
77 41 62
32 81 7
43 58 83
93 61 47
43 9 84
82 2 69
15 81 30
62 67 78
25 55 35
28 9 52
57 75 18
20 24 95
37 62 67
44 19 7
12 88 91
100 64 45
49 34 10
54 31 99
80 22 42
82 97 70
54 7 5
2 93 86
55 82 52
11 32 65
95 85 81
4 38 5
52 60 75
67 7 97
0 20 21
14 58 26
98 55 70
10 38 38
90 24 63
84 90 42
91 25 16
79 26 26
81 88 84
2 47 93
99 91 5
67 48 15
28 95 81
58 58 81
99 99 99
7 54 41
65 39 45
56 87 92
27 86 68
21 84 62
14 59 83
100 97 2
61 88 67
85 84 21
4 47 5
71 75 75
89 99 82
18 61 15
27 81 7
25 60 20
5 20 37
55 77 36
56 56 52
78 53 78
43 44 59
60 100 78
35 45 55
0 20 25
46 4 73
91 22 82
28 75 45
100 26 16
62 86 17
44 62 13
91 65 22
46 13 67
55 55 17
96 97 9
63 93 100
74 3 72
71 86 34
7 95 21
87 81 48
69 18 21
37 77 96
67 60 11
11 97 8
76 21 60
99 8 47
37 26 33
13 35 36
98 22 42
31 9 97
1 42 57
31 9 91
75 9 23
58 20 22
34 27 91
51 61 55
9 77 77
14 89 2
62 24 38
52 22 97
56 91 37
1 45 6
67 67 62
93 54 6
86 75 33
6 97 77
12 7 78
88 27 3
25 61 69
73 29 39
35 55 45
84 48 1
79 13 6
7 56 41
33 35 34
51 36 99
43 54 4
46 69 58
35 16 42
92 3 36
74 32 14
88 17 98
1 97 39
31 15 100
38 73 58
80 2 41
93 68 55
91 35 47
68 88 23
75 91 13
50 78 61
12 3 26
29 21 89
91 63 31
2 59 23
64 20 30
28 44 77
33 58 9
75 83 75
40 58 61
77 67 94
49 97 30
100 76 79
19 67 40
8 67 44
87 5 14
50 42 68
77 46 98
42 25 39
68 85 59
27 63 72
95 11 94
85 73 67
37 33 18
31 3 8
62 17 11
65 19 26
81 64 71
66 43 12
19 54 59
31 80 31
65 34 26
36 61 83
70 70 72
43 48 99
57 14 13
83 27 46
7 83 47
32 46 61
30 17 52
94 54 91
82 79 96
23 1 19
63 47 47
11 78 3
19 15 33
37 2 41
57 58 89
67 88 33
91 86 25
62 46 1
38 100 15
89 21 73
95 20 58
52 72 19
61 53 3
3 96 47
2 86 38
30 64 56
100 33 89
4 8 40
45 61 96
97 61 94
19 25 7
0 27 62
23 74 80
4 1 83
100 6 94
99 3 95
34 38 11
13 17 1
97 76 47
68 82 88
50 58 100
76 85 40
7 21 17
12 9 17
15 100 82
7 38 80
93 73 82
17 53 33
7 84 93
32 27 27
29 16 45
55 80 45
90 76 61
73 35 23
42 62 90
4 86 31
13 99 9
34 72 75
8 31 78
51 39 32
39 43 22
44 68 69
26 57 61
11 30 40
85 33 65
59 82 94
28 81 52
15 48 19
42 58 87
21 99 3
23 17 75
49 37 81
17 79 13
2 96 76
83 77 98
66 68 37
27 97 67
69 3 81
1 54 73
0 15 62
17 2 33
8 90 85
97 83 99
22 41 17
78 100 69
21 53 4
20 28 98
12 65 66
15 19 12
71 83 38
73 32 97
98 57 37
58 16 65
81 13 32
61 65 100
14 63 94
25 17 18
16 81 32
35 72 76
86 7 52
15 40 98
80 53 38
46 65 73
89 84 47
81 40 43
21 88 44
80 5 56
100 27 67
59 89 41
16 48 34
81 16 88
42 93 80
32 74 85
90 58 66
34 72 48
25 2 9
24 84 57
50 65 61
16 35 59
79 40 83
40 32 40
54 70 59
10 34 82
51 82 15
75 18 15
93 8 68
2 35 88
35 57 4
67 14 93
87 20 40
37 87 64
73 4 82
87 93 35
10 33 56
30 15 68
57 53 73
23 70 19
10 37 85
14 30 25
50 96 59
38 4 1
90 22 23
10 36 76
20 39 43
78 21 43
23 100 5
12 98 95
21 28 21
43 19 26
96 46 9
86 15 32
96 44 13
100 89 79
62 18 5
60 68 69
15 70 53
55 83 24
63 90 6
54 93 10
83 83 38
0 2 42
79 70 92
56 92 59
1 81 66
96 55 72
17 37 79
51 34 61
29 11 42
100 84 31
60 24 94
6 57 10
16 10 4
91 5 25
69 39 59
82 24 95
9 3 8
5 4 81
54 72 3
31 32 20
34 78 66
41 58 27
88 98 54
66 89 30
100 55 38
31 90 6
47 2 34
95 82 27
83 15 78
64 82 82
57 52 31
93 21 57
97 82 93
19 80 12
81 14 29
15 90 92
62 44 84
98 31 67
34 21 80
69 11 77
47 1 94
100 87 47
70 44 46
63 73 6
17 36 76
57 10 21
57 76 70
19 78 93
48 62 3
29 90 66
2 76 15
13 82 4
88 93 40
98 38 32
73 9 85
45 19 56
35 55 63
73 91 41
62 46 8
89 8 11
56 65 95
68 31 60
90 93 62
5 97 10
96 23 25
42 8 52
3 38 18
84 93 54
29 72 80
55 82 21
54 28 31
87 22 56
98 4 46
64 96 55
19 32 69
100 74 54
18 89 10
87 37 39
100 54 94
31 57 62
9 67 78
45 38 11
84 90 1
85 74 65
26 26 94
54 73 68
41 48 10
32 14 83
49 73 97
27 65 77
24 57 9
49 18 95
68 23 92
76 9 32
28 58 46
95 61 13
72 82 11
32 15 55
12 39 71
66 15 25
35 97 48
16 11 38
61 58 61
19 59 93
13 28 46
26 7 46
70 16 5
55 2 71
5 21 40
80 46 30
0 42 24
61 55 7
42 67 14
15 14 85
2 48 25
73 100 14
84 24 17
8 92 17
85 13 84
57 59 38
47 12 95
81 8 37
12 72 83
42 65 78
60 38 13
53 85 73
73 94 6
80 74 70
52 39 2
29 21 13
35 8 16
28 95 98
1 52 5
69 82 83
24 100 35
2 100 54
41 54 55
78 28 15
60 98 27
79 12 10
67 83 21
25 25 97
85 70 9
31 83 25
11 99 92
82 20 52
19 61 77
61 34 14
22 84 76
14 98 61
74 92 31
50 82 26
22 34 52
48 55 54
89 37 94
82 70 56
54 13 86
38 96 19
72 45 65
34 59 57
97 40 88
69 74 98
48 52 2
36 87 6
8 13 21
7 55 65
65 18 82
61 71 58
13 68 39
20 41 6
41 26 27
37 24 17
64 81 11
82 35 76
28 12 87
16 97 9
98 28 93
37 17 62
59 96 91
63 74 95
91 2 11
86 82 81
70 35 42
38 13 28
30 5 25
50 36 93
97 10 91
54 8 62
55 4 97
66 17 16
22 64 65
36 32 85
38 18 74
24 64 84
11 69 57
100 63 3
69 44 38
83 41 63
87 37 94
98 85 38
98 85 64
100 31 11
33 18 17
7 25 48
44 52 32
48 64 69
82 86 16
79 31 94
11 45 47
50 22 62
50 95 41
14 10 10
72 83 63
32 71 93
84 98 55
30 41 28
100 84 72
82 32 14
78 12 41
51 72 5
85 2 99
6 26 84
16 43 68
2 21 41
8 78 93
57 98 14
